0 0
0 38
0 101
0 153
0 356
0 458
1 13
1 44
1 69
1 80
1 82
1 126
1 158
1 160
1 170
1 198
1 208
1 218
1 236
1 238
1 280
1 282
1 283
1 285
1 289
1 292
1 299
1 301
1 305
1 312
1 386
1 406
1 440
2 15
2 16
2 17
2 51
2 61
2 82
2 83
2 87
2 116
2 119
2 166
2 181
2 207
2 236
2 241
2 260
2 288
2 290
2 292
2 311
2 361
2 364
2 366
2 370
2 372
2 376
2 387
2 434
2 437
2 487
2 528
3 6
3 31
3 35
3 72
3 90
3 115
3 195
3 201
3 206
3 231
3 244
3 290
3 323
3 351
3 392
3 452
3 529
4 71
4 81
4 447
5 63
5 81
5 114
5 228
5 235
5 354
5 390
5 481
5 523
6 12
6 23
6 51
6 59
6 81
6 152
6 176
7 135
7 340
8 18
8 92
9 67
9 322
10 10
10 30
10 102
10 104
10 387
11 16
11 18
11 48
11 54
11 57
11 66
11 168
12 2
12 9
12 21
12 114
12 164
13 81
13 398
13 434
14 2
14 158
15 7
15 11
15 12
15 58
15 59
15 68
15 81
15 118
15 125
15 138
15 204
15 290
15 363
16 10
16 11
16 12
16 17
16 21
16 45
16 57
16 61
16 71
16 78
16 81
16 86
16 93
16 102
16 118
16 127
16 136
16 185
16 238
16 239
16 288
16 384
16 445
16 471
16 526
17 1
17 8
17 10
17 11
17 12
17 17
17 18
17 21
17 45
17 47
17 58
17 59
17 71
17 74
17 75
17 81
17 86
17 93
17 99
17 102
17 109
17 118
17 130
17 158
17 193
17 199
17 203
17 204
17 206
17 219
17 288
17 304
17 384
17 445
17 481
17 545
17 547
18 11
18 12
18 17
18 19
18 59
18 61
18 120
18 163
18 261
18 288
18 307
18 376
19 4
19 6
19 207
19 262
20 55
20 340
21 6
22 6
22 15
22 35
22 80
22 81
22 90
22 127
22 360
22 378
22 422
22 442
22 481
23 7
23 14
23 16
23 58
23 81
23 184
23 201
23 204
23 251
23 280
23 390
23 409
23 422
24 1
24 5
24 6
24 18
24 68
24 109
24 209
24 254
24 272
24 296
24 401
24 421
24 440
24 481
25 6
25 9
25 15
25 16
25 90
25 106
25 113
25 121
25 131
25 191
25 265
25 282
25 291
25 297
25 329
25 372
25 395
25 439
25 456
25 522
25 528
26 12
26 19
26 54
26 74
26 81
26 91
26 155
26 184
26 198
26 201
26 203
26 235
26 236
26 244
26 272
26 321
26 339
26 346
26 372
26 464
27 12
27 15
27 16
27 19
27 59
27 61
27 63
27 66
27 81
27 88
27 101
27 102
27 108
27 109
27 122
27 138
27 149
27 161
27 165
27 167
27 168
27 181
27 195
27 198
27 201
27 218
27 236
27 241
27 251
27 263
27 346
27 364
27 385
27 390
28 6
28 17
28 51
28 94
28 321
28 376
28 421
29 11
29 15
29 16
29 151
29 163
29 194
30 9
30 10
30 24
30 58
30 59
30 74
30 81
30 91
30 102
30 120
30 248
31 10
31 12
31 45
31 61
31 303
31 318
31 445
31 526
32 516
33 63
34 12
34 59
34 210
34 228
34 374
34 378
35 6
35 12
35 35
35 59
35 67
35 81
35 93
35 100
35 193
35 288
35 323
36 12
36 29
36 112
37 45
37 48
37 57
37 66
37 81
37 127
37 150
37 282
37 290
37 303
37 332
37 340
37 378
37 394
38 153
38 198
39 6
39 50
39 114
40 81
41 43
41 63
41 160
41 228
41 234
41 235
41 280
41 349
41 351
41 523
41 543
42 425
43 6
43 7
43 9
43 11
43 14
43 16
43 19
43 38
43 72
43 83
43 90
43 100
43 101
43 151
43 162
43 198
43 233
43 237
43 294
43 316
43 321
43 426
43 442
43 494
43 498
43 528
44 38
44 54
44 101
44 169
44 172
44 215
44 240
44 488
45 85
45 373
46 4
46 6
46 12
46 13
46 14
46 17
46 19
46 48
46 58
46 80
46 81
46 88
46 98
46 106
46 116
46 126
46 130
46 161
46 168
46 184
46 206
46 207
46 236
46 238
46 260
46 272
46 280
46 294
46 302
46 303
46 323
46 332
46 338
46 362
46 363
46 369
46 384
46 385
46 464
46 518
46 525
46 543
47 122
48 75
48 230
48 303
49 104
50 175
50 238
50 317
51 7
51 38
51 154
51 172
51 238
51 404
51 430
51 450
51 451
51 530
52 1
52 17
52 18
52 43
52 92
52 116
52 130
52 158
52 168
52 177
52 185
52 190
52 200
52 235
52 238
52 252
52 256
52 288
52 302
52 322
52 356
52 361
52 377
52 385
52 407
52 410
52 419
52 442
52 456
52 481
52 485
52 512
52 523
52 540
52 549
53 12
53 25
53 75
53 81
53 116
53 290
53 384
53 391
53 406
54 12
55 4
55 16
55 38
55 80
55 98
55 101
55 172
55 233
55 344
55 422
55 430
55 487
55 497
55 512
56 92
56 120
56 263
56 418
57 11
57 16
57 53
57 106
57 135
57 149
57 153
57 165
57 190
57 236
57 325
57 344
57 410
57 430
57 481
58 71
58 130
58 153
58 280
58 487
59 36
59 42
59 48
59 54
59 55
59 56
59 90
59 222
59 231
59 236
59 239
59 505
60 20
60 36
60 260
61 34
61 90
61 130
61 163
61 251
61 442
61 489
62 18
62 121
62 149
62 190
63 35
64 6
64 114
64 130
65 453
65 471
65 521
66 6
66 7
66 11
66 12
66 18
66 20
66 21
66 26
66 29
66 30
66 32
66 36
66 38
66 39
66 41
66 42
66 46
66 54
66 57
66 59
66 62
66 64
66 79
66 94
66 99
66 102
66 120
66 130
66 132
66 138
66 149
66 150
66 154
66 162
66 164
66 172
66 173
66 176
66 178
66 180
66 185
66 189
66 190
66 196
66 198
66 201
66 207
66 222
66 225
66 228
66 232
66 235
66 236
66 237
66 238
66 239
66 247
66 248
66 272
66 273
66 275
66 292
66 304
66 312
66 313
66 316
66 332
66 334
66 337
66 344
66 346
66 352
66 354
66 361
66 366
66 367
66 378
66 381
66 384
66 396
66 411
66 413
66 421
66 422
66 430
66 442
66 450
66 452
66 459
66 464
66 475
66 487
66 488
66 503
66 505
66 506
66 512
66 528
66 536
67 7
67 10
67 12
67 23
67 74
67 88
67 121
67 156
67 191
67 193
67 252
67 354
68 182
68 300
69 16
69 21
69 23
69 78
70 6
70 11
70 12
70 21
70 22
70 49
70 56
70 169
70 177
70 246
70 254
71 14
71 81
71 130
71 206
71 362
71 366
71 435
71 447
71 448
71 449
72 3
72 9
72 11
72 13
72 15
72 28
72 34
72 81
72 90
72 96
72 100
72 109
72 113
72 139
72 151
72 163
72 194
72 198
72 220
72 226
72 316
72 332
72 337
72 344
72 426
73 3
73 18
73 36
73 42
73 48
73 50
73 54
73 56
73 57
73 69
73 90
73 100
73 113
73 114
73 123
73 173
73 180
73 198
73 207
73 231
73 233
73 236
73 239
74 1
74 8
74 10
74 11
74 12
74 45
74 58
74 59
74 93
74 99
74 118
74 201
74 204
74 206
74 240
74 280
75 11
75 24
75 50
75 134
76 42
76 56
77 12
77 41
77 51
77 58
77 155
77 184
77 195
77 206
77 282
77 307
77 351
77 418
77 464
77 487
78 17
78 28
78 154
79 63
79 543
80 452
81 4
81 6
81 9
81 11
81 15
81 46
81 58
81 59
81 98
81 324
82 4
82 6
82 18
82 21
82 48
82 49
82 71
82 125
82 185
83 6
83 11
83 17
83 71
83 127
83 198
84 21
84 74
84 193
85 453
85 481
86 6
86 91
86 92
86 184
86 236
86 324
86 328
86 351
86 357
86 491
87 69
87 268
88 296
89 15
89 17
89 30
89 48
89 50
89 57
89 68
89 69
89 121
89 127
89 168
89 171
89 184
89 192
89 200
89 218
89 290
89 300
89 311
89 325
89 385
89 422
89 464
89 482
89 508
90 1
90 10
90 12
90 121
90 488
91 0
91 99
91 251
92 3
92 11
92 13
92 34
92 42
92 72
92 100
92 243
92 304
92 312
92 376
92 487
92 533
93 7
93 80
93 202
93 236
93 252
93 351
93 387
94 3
94 9
94 18
94 30
94 36
94 46
94 340
94 481
94 492
95 100
96 17
96 58
96 68
96 74
96 81
96 133
96 217
96 250
96 385
97 9
97 58
97 74
97 115
97 244
97 359
98 16
98 19
98 47
98 50
98 63
98 108
98 116
98 165
98 171
98 177
98 184
98 236
98 280
98 310
98 322
98 346
98 414
98 437
98 498
98 527
99 1
99 7
99 8
99 11
99 12
99 17
99 18
99 19
99 27
99 29
99 31
99 32
99 34
99 35
99 37
99 46
99 48
99 52
99 58
99 59
99 61
99 68
99 73
99 74
99 81
99 86
99 90
99 92
99 101
99 102
99 106
99 108
99 110
99 114
99 116
99 127
99 130
99 136
99 140
99 162
99 168
99 179
99 184
99 185
99 195
99 205
99 207
99 221
99 232
99 236
99 248
99 252
99 256
99 272
99 280
99 288
99 290
99 300
99 307
99 308
99 312
99 318
99 332
99 334
99 346
99 349
99 356
99 357
99 366
99 372
99 376
99 385
99 390
99 392
99 395
99 398
99 402
99 404
99 410
99 418
99 429
99 434
99 450
99 464
99 474
99 475
99 487
99 490
100 10
101 58
101 73
101 81
101 90
101 92
101 203
101 259
101 282
101 324
101 357
101 365
101 487
101 491
101 542
102 21
102 38
102 81
102 84
102 101
102 154
102 177
102 185
102 194
102 221
102 244
102 250
102 335
103 48
103 66
103 250
103 295
104 11
104 16
104 19
104 38
104 100
104 101
104 124
104 151
104 153
104 162
104 194
104 288
104 339
104 361
105 11
105 51
105 100
105 117
106 21
107 127
107 198
108 12
108 15
108 16
108 18
108 19
108 47
108 48
108 53
108 58
108 75
108 116
108 198
108 207
108 218
108 244
108 315
108 442
108 531
109 17
109 31
109 59
109 73
109 185
109 205
109 324
110 288
111 12
111 21
111 35
111 40
111 54
111 71
111 244
112 11
113 19
113 524
114 140
115 33
116 30
116 50
116 116
116 122
116 123
116 125
116 168
116 192
116 220
117 16
117 18
117 21
117 35
117 50
117 125
117 129
117 184
117 192
117 240
117 267
117 276
117 302
118 42
118 81
118 429
119 74
119 193
119 217
119 283
120 31
121 3
121 11
121 15
121 16
121 30
121 54
121 173
121 181
121 214
121 340
122 11
122 15
122 21
122 23
122 69
122 100
122 122
122 151
122 220
122 238
122 278
122 294
122 324
122 469
123 6
123 9
123 11
123 12
123 13
123 24
123 29
123 30
123 31
123 32
123 50
123 54
123 57
123 71
123 74
123 114
123 120
123 193
123 207
123 247
123 272
123 273
123 307
123 384
123 464
123 528
124 11
124 16
124 53
124 68
124 70
124 74
124 106
124 116
124 127
124 138
124 193
124 207
124 208
124 236
124 252
124 253
124 262
124 271
124 272
124 287
124 290
124 292
124 309
124 322
124 332
124 346
124 351
124 358
124 434
124 461
124 464
125 133
125 184
125 235
125 450
125 496
126 3
126 4
126 98
127 32
127 75
127 121
127 122
127 124
127 132
127 163
127 191
127 205
127 274
127 400
127 406
128 20
128 48
128 120
128 124
128 132
128 159
128 207
128 225
128 235
128 238
128 272
128 418
128 464
128 481
128 483
129 12
129 512
130 72
130 293
131 43
131 81
131 200
131 360
131 363
131 407
131 481
132 18
132 50
132 92
132 114
132 117
132 125
132 166
132 377
132 459
133 19
133 27
133 58
133 81
133 86
133 105
133 109
133 112
133 117
133 170
133 293
133 414
134 9
134 12
134 14
134 21
134 24
134 58
134 114
134 130
134 160
134 192
134 201
134 225
134 238
134 280
135 51
136 38
136 46
136 72
136 101
136 172
136 243
136 335
136 354
137 1
137 5
137 6
137 230
137 251
137 421
137 481
137 487
138 217
138 462
138 473
139 3
139 9
139 90
139 190
139 546
140 21
140 35
140 71
140 153
140 525
141 3
141 9
141 11
141 36
141 58
141 325
141 362
142 153
142 525
143 433
144 11
144 15
144 31
144 36
144 50
144 81
144 87
144 122
144 192
144 271
144 280
144 294
144 311
144 378
144 387
144 403
144 464
145 6
145 11
145 57
145 68
145 87
145 96
145 100
145 169
145 198
145 250
145 280
145 403
145 528
146 21
147 6
147 22
147 43
147 47
147 69
147 173
147 189
147 240
147 280
147 293
147 385
147 421
147 442
147 450
147 497
148 35
148 38
148 74
148 101
148 193
148 290
148 321
148 422
148 488
148 494
148 501
149 11
149 12
149 29
149 31
149 72
149 273
149 324
150 12
151 81
152 265
153 11
154 54
155 3
155 21
155 36
155 180
155 193
156 18
156 21
156 23
156 75
156 117
156 240
156 492
157 1
157 5
157 6
157 74
157 121
157 186
157 230
158 9
158 114
158 236
158 297
159 453
160 297
161 3
161 9
162 12
162 355
162 384
163 11
163 12
163 17
163 19
163 28
163 33
163 34
163 38
163 39
163 41
163 46
163 49
163 61
163 68
163 74
163 81
163 84
163 85
163 92
163 109
163 127
163 129
163 130
163 132
163 140
163 149
163 151
163 152
163 156
163 163
163 165
163 168
163 172
163 179
163 180
163 181
163 184
163 193
163 206
163 207
163 226
163 228
163 232
163 233
163 234
163 268
163 270
163 273
163 280
163 285
163 287
163 288
163 292
163 293
163 300
163 311
163 316
163 323
163 332
163 334
163 340
163 348
163 355
163 360
163 363
163 372
163 378
163 384
163 404
163 405
163 410
163 414
163 417
163 418
163 419
163 434
163 435
163 442
163 450
163 464
163 491
163 499
163 512
163 528
164 6
165 73
165 90
165 109
165 130
165 132
165 205
165 251
165 290
165 352
165 355
165 444
166 1
166 5
166 264
167 12
167 33
167 59
167 68
167 81
167 149
167 228
167 234
167 304
167 349
167 355
167 433
167 525
168 9
168 12
168 14
168 24
168 29
168 58
168 74
168 114
168 120
168 148
168 174
168 221
168 248
168 349
168 357
169 2
169 7
169 9
169 11
169 14
169 21
169 24
169 37
169 41
169 52
169 68
169 74
169 88
169 92
169 193
169 200
169 237
169 242
169 264
169 280
169 323
169 389
169 487
169 500
170 11
170 108
170 117
170 198
170 390
171 6
171 14
171 27
171 43
171 47
171 58
171 71
171 81
171 86
171 90
171 99
171 102
171 105
171 115
171 116
171 117
171 152
171 153
171 165
171 207
171 221
171 244
171 290
171 347
171 391
171 405
171 433
171 442
171 445
171 450
171 458
171 481
171 526
172 2
172 9
172 18
172 27
172 47
172 69
172 108
172 113
172 116
172 117
172 140
172 173
172 178
172 188
172 205
172 258
172 339
172 442
172 481
173 9
173 12
173 17
173 81
173 102
173 116
173 127
173 140
173 160
173 166
173 201
173 232
173 236
173 252
173 273
173 290
173 297
173 304
173 307
173 323
173 324
173 346
173 349
173 361
173 366
173 372
173 376
173 398
173 400
173 429
174 9
174 17
174 21
174 35
174 40
174 42
174 56
174 96
174 134
174 251
174 280
174 361
174 370
175 9
175 21
175 36
175 55
175 58
175 71
175 74
175 103
175 150
175 185
175 207
175 337
175 443
175 487
176 36
176 37
176 42
177 2
177 31
177 73
177 74
177 120
177 193
177 290
178 37
179 6
179 9
179 11
179 14
179 15
179 49
179 58
179 74
179 122
179 130
179 150
179 174
179 193
179 201
179 236
179 237
179 280
179 500
180 1
180 9
180 24
180 108
180 134
180 181
181 1
181 56
181 134
181 150
181 181
181 264
181 531
181 532
182 12
182 48
182 361
182 443
183 20
183 34
183 40
183 64
183 65
183 74
183 84
183 85
183 97
183 103
183 115
183 116
183 120
183 139
183 172
183 198
183 207
183 244
183 274
183 280
183 373
183 422
183 488
183 536
184 12
184 29
184 31
184 40
184 48
184 54
184 57
184 69
184 135
184 180
184 231
184 249
184 256
184 268
184 290
184 317
184 325
184 352
184 355
184 482
185 15
185 18
185 23
185 36
185 55
185 58
185 75
185 90
185 104
186 2
186 4
186 9
186 36
186 54
186 95
186 98
186 188
187 81
188 85
188 97
189 198
190 16
190 85
190 90
190 92
190 100
190 116
190 138
190 177
190 192
190 225
190 252
190 290
190 355
190 386
190 483
190 487
191 11
191 15
191 87
191 100
191 122
191 201
191 366
191 403
192 11
192 12
192 15
192 87
192 107
192 403
193 17
193 71
193 73
193 85
193 90
193 92
193 114
193 174
193 184
193 192
193 382
193 391
193 492
194 9
194 19
194 23
194 35
194 40
194 77
194 81
194 91
194 106
194 124
194 162
194 168
194 207
194 235
194 236
194 287
194 302
194 318
194 351
194 386
194 389
194 406
195 9
195 37
195 52
195 74
195 81
195 195
195 236
195 319
195 332
195 346
195 442
195 498
195 502
196 2
196 9
196 50
196 79
196 96
196 165
196 177
196 181
196 226
196 227
196 236
196 285
196 312
196 341
196 361
196 365
196 508
196 524
197 426
198 24
198 406
199 105
199 109
199 152
199 195
199 214
199 282
200 2
200 4
200 9
200 14
200 52
200 58
200 150
200 188
200 217
201 9
201 12
201 18
201 103
201 198
201 238
201 252
201 328
202 120
203 74
203 103
203 130
204 20
204 24
204 31
204 32
204 36
204 40
204 41
204 42
204 307
205 12
205 17
205 19
205 25
205 26
205 27
205 43
205 45
205 47
205 58
205 69
205 81
205 86
205 89
205 96
205 101
205 102
205 105
205 109
205 116
205 117
205 118
205 121
205 130
205 133
205 152
205 168
205 173
205 178
205 183
205 208
205 251
205 253
205 293
205 363
205 364
205 372
205 481
206 9
206 27
206 58
206 71
206 74
206 81
206 86
206 105
206 117
206 130
206 133
206 150
206 152
206 193
206 282
206 445
206 454
206 481
206 530
207 27
207 86
207 105
207 117
207 118
207 152
207 163
207 170
207 214
207 282
207 445
208 27
209 31
209 82
210 27
210 90
210 419
211 2
212 8
212 58
212 359
213 27
214 18
214 114
214 135
215 9
216 12
216 18
216 72
216 81
216 88
216 167
216 228
216 288
216 445
217 27
218 9
218 74
218 192
219 9
219 18
219 27
219 58
219 69
219 81
219 86
219 237
219 318
219 442
219 526
220 11
220 12
220 74
220 79
220 81
220 85
220 97
220 185
220 251
220 324
220 357
220 361
221 37
222 18
222 86
222 89
222 92
223 7
223 11
223 58
223 81
223 100
223 120
223 261
223 262
223 364
223 542
224 12
224 13
224 17
224 19
224 21
224 57
224 68
224 72
224 90
224 106
224 117
224 130
224 149
224 150
224 151
224 158
224 159
224 160
224 161
224 162
224 163
224 171
224 189
224 211
224 232
224 236
224 264
224 272
224 290
224 291
224 312
224 366
224 377
224 378
224 392
224 442
224 497
225 9
225 15
225 37
225 58
225 113
225 135
225 150
225 229
225 251
225 270
225 325
225 378
226 9
226 18
226 24
226 159
226 248
226 289
227 7
227 9
227 14
227 17
227 35
227 41
227 51
227 57
227 63
227 68
227 69
227 73
227 90
227 92
227 100
227 114
227 115
227 127
227 158
227 161
227 179
227 185
227 189
227 194
227 201
227 231
227 238
227 240
227 250
227 252
227 280
227 290
227 311
227 314
227 316
227 323
227 325
227 346
227 376
227 385
227 392
227 401
227 418
227 429
227 437
227 440
227 442
227 463
227 464
227 487
227 500
227 512
228 17
228 61
228 153
228 200
228 434
228 490
229 2
229 9
229 27
229 150
229 152
230 9
230 31
230 54
230 58
230 72
230 195
230 198
230 237
230 332
230 337
230 351
230 353
230 399
230 435
231 7
231 40
231 90
231 114
231 116
231 130
231 442
232 2
232 4
232 9
232 47
232 58
232 74
232 82
232 97
232 184
232 198
232 233
232 236
232 272
232 292
232 300
232 373
232 422
233 10
233 90
233 435
234 13
234 21
234 36
234 68
234 74
234 86
234 180
234 260
235 542
236 160
237 51
238 2
238 4
239 7
240 6
241 13
241 21
241 71
241 72
241 90
241 106
241 164
241 189
241 207
241 353
241 354
242 24
242 339
242 394
243 102
244 171
245 7
245 72
245 171
246 9
246 37
246 58
246 90
247 24
248 7
248 72
248 195
248 217
248 353
249 226
249 227
250 100
250 171
250 355
251 9
251 359
252 84
253 151
253 251
254 58
255 217
255 385
256 251
257 11
257 27
257 54
258 58
258 251
258 259
258 274
258 294
259 163
259 442
260 6
260 42
261 9
261 14
261 58
261 227
261 325
262 18
263 6
263 7
263 9
263 11
263 14
263 17
263 18
263 19
263 50
263 54
263 68
263 69
263 82
263 90
263 102
263 114
263 120
263 130
263 134
263 150
263 311
263 376
263 464
264 11
264 13
264 19
264 106
264 201
264 207
264 282
264 387
264 439
264 529
265 525
266 19
266 21
266 32
266 453
267 9
267 18
267 35
267 92
267 131
267 237
267 250
267 297
267 307
267 464
268 2
268 4
268 9
268 14
268 64
268 66
269 52
269 79
270 17
270 18
270 442
270 468
270 490
271 114
271 131
271 133
271 193
271 247
272 9
272 29
272 49
272 73
272 169
272 182
272 198
272 205
272 247
272 250
272 251
272 252
272 254
273 42
273 54
273 57
273 93
273 126
273 162
273 168
273 180
273 236
273 239
273 242
273 290
273 346
273 361
273 464
274 7
274 12
274 17
274 39
274 58
274 74
274 79
274 116
274 127
274 136
274 162
274 184
274 193
274 198
274 206
274 207
274 236
274 346
274 428
274 434
275 19
275 106
275 124
275 162
275 190
275 194
275 374
275 430
275 488
276 13
276 18
276 48
276 53
276 54
276 68
276 72
276 90
276 100
276 120
276 125
276 150
276 185
276 195
276 205
276 207
276 239
276 280
276 290
276 353
276 354
276 392
276 442
276 443
276 456
276 481
277 7
277 12
277 14
277 31
277 50
277 80
277 88
277 116
277 130
277 131
277 188
277 191
277 196
277 229
277 311
277 329
278 58
279 102
280 2
280 9
280 31
280 36
280 54
280 95
280 167
280 188
281 7
281 16
281 36
281 42
281 48
281 54
281 55
281 56
281 66
281 96
281 160
281 168
281 177
281 198
281 214
281 239
281 249
281 315
281 327
281 333
281 338
281 340
281 422
281 485
281 540
282 7
282 21
282 28
282 80
282 131
282 159
283 25
283 43
283 63
283 200
283 487
284 7
284 14
284 91
284 108
284 120
284 126
284 167
284 168
284 217
284 259
284 275
284 277
284 322
284 378
284 385
284 386
284 399
284 410
284 482
284 531
285 9
286 11
286 12
286 16
286 17
286 18
286 19
286 58
286 59
286 81
286 92
286 105
286 106
286 170
286 194
286 248
286 288
286 324
286 357
286 391
286 395
286 441
287 2
287 74
288 24
289 2
289 6
289 9
289 10
289 11
289 15
289 19
289 21
289 24
289 25
289 26
289 27
289 29
289 52
289 67
289 68
289 69
289 81
289 90
289 94
289 108
289 113
289 120
289 124
289 134
289 136
289 137
289 176
289 178
289 179
289 181
289 182
289 183
289 185
289 186
289 188
289 192
289 197
289 207
289 212
289 213
289 226
289 227
289 231
289 232
289 236
289 240
289 247
289 250
289 251
289 288
289 293
289 303
289 312
289 330
289 332
289 334
289 336
289 366
289 377
289 383
289 389
289 405
289 459
289 463
289 475
289 512
289 523
289 527
289 528
290 11
290 28
290 47
290 59
290 81
290 86
290 100
290 148
290 248
290 251
291 300
291 422
292 192
293 136
293 181
293 272
294 91
294 100
294 180
294 193
294 415
295 193
295 392
295 461
296 13
296 18
296 50
296 71
296 72
296 90
296 92
296 153
296 182
296 187
296 203
296 353
296 392
296 395
297 11
297 18
297 28
297 35
297 48
297 68
297 69
297 100
297 110
297 114
297 124
297 174
297 385
297 464
297 481
297 530
298 15
298 56
298 80
298 192
298 194
298 197
298 497
298 533
299 9
299 18
299 72
299 90
299 121
299 150
299 207
299 212
299 256
299 307
299 344
299 357
300 27
300 80
300 419
301 87
301 501
302 2
302 188
303 12
303 59
303 81
303 200
303 288
303 311
303 500
304 50
304 270
305 1
305 5
305 12
305 15
305 16
305 17
305 23
305 26
305 42
305 68
305 126
305 130
305 192
305 195
305 250
305 487
306 2
306 9
306 188
307 3
307 50
307 198
307 328
307 344
308 120
308 207
309 7
310 2
310 9
310 14
310 58
310 74
310 114
310 120
310 164
310 272
310 290
310 344
310 351
310 427
311 9
311 52
311 71
311 201
311 237
311 354
311 365
311 367
312 9
312 23
312 26
312 36
312 49
312 52
312 58
312 74
312 121
312 193
313 17
313 18
313 81
313 192
313 225
313 238
313 443
314 71
315 6
315 12
315 18
315 23
315 26
315 36
315 48
315 71
315 92
315 192
315 361
315 421
316 13
316 23
316 26
316 49
316 74
316 193
317 193
317 264
318 9
318 11
318 12
318 14
318 15
318 17
318 19
318 34
318 74
318 81
318 100
318 114
318 116
318 127
318 130
318 131
318 134
318 163
318 174
318 181
318 190
318 193
318 198
318 200
318 207
318 236
318 290
318 311
318 385
318 442
319 69
319 311
320 18
320 43
320 47
320 48
320 50
320 85
320 92
320 100
320 190
320 200
320 228
320 384
320 456
320 487
321 6
321 67
321 81
321 90
321 238
321 368
321 410
322 7
322 11
322 15
322 19
322 42
322 81
322 90
322 106
322 122
322 124
322 130
322 131
322 184
322 277
322 294
322 300
322 318
322 402
322 494
322 538
322 549
322 551
323 44
324 11
324 12
324 15
324 18
324 19
324 42
324 53
324 56
324 57
324 61
324 77
324 93
324 112
324 177
324 249
324 288
324 293
324 315
324 352
324 426
324 427
324 471
325 18
325 92
325 121
325 131
325 175
325 207
325 312
325 385
326 11
326 12
326 15
326 17
326 19
326 43
326 59
326 61
326 63
326 68
326 77
326 96
326 101
326 106
326 126
326 127
326 169
326 174
326 203
326 207
326 228
326 243
326 254
326 280
326 288
326 291
326 322
326 376
326 384
326 386
326 402
326 429
326 452
326 464
326 488
327 11
328 9
328 58
328 140
328 150
328 264
328 365
329 3
329 6
329 12
329 18
329 33
329 34
329 41
329 49
329 74
329 84
329 120
329 192
329 237
329 244
329 247
329 296
329 307
329 499
330 9
330 74
330 140
330 193
330 201
330 361
330 496
330 497
331 6
331 12
331 30
331 46
331 47
331 67
331 84
331 91
331 100
331 120
331 140
331 151
331 155
331 163
331 177
331 220
331 274
331 290
331 346
331 414
331 442
331 460
331 464
331 476
331 487
332 48
332 66
332 96
332 168
332 198
332 249
332 422
332 485
333 9
333 14
333 15
333 192
333 196
333 217
333 238
333 344
334 9
334 11
334 24
334 47
334 48
334 100
334 148
334 171
335 2
335 160
335 187
335 200
335 236
335 314
336 100
336 406
336 525
337 1
337 29
337 30
337 36
337 42
337 48
337 57
337 90
337 95
337 122
337 167
337 197
337 307
337 380
337 383
337 474
337 507
338 51
338 90
338 91
338 108
338 114
338 140
338 163
338 236
338 257
339 10
339 12
339 17
339 18
339 68
339 185
339 225
339 238
339 250
339 270
340 1
340 21
340 74
341 48
341 69
341 83
341 86
341 162
341 294
341 362
341 464
341 483
342 9
342 17
342 19
342 27
342 61
342 81
342 90
342 106
342 108
342 114
342 115
342 116
342 119
342 130
342 140
342 149
342 201
342 236
342 244
342 312
342 364
342 386
342 411
342 437
343 12
343 46
343 49
343 131
343 150
343 242
343 247
344 2
344 9
344 14
345 9
345 16
345 17
345 27
345 60
345 61
345 77
345 83
345 93
345 94
345 99
345 106
345 108
345 114
345 116
345 118
345 119
345 126
345 127
345 140
345 149
345 165
345 166
345 190
345 217
345 307
345 311
345 364
345 386
345 419
345 437
345 497
345 523
345 528
346 67
346 74
346 85
346 121
346 130
346 158
346 193
346 236
346 272
346 400
347 21
348 7
348 12
348 14
348 21
348 92
348 130
348 150
348 185
348 190
348 203
348 217
348 241
348 281
348 310
348 385
348 481
348 496
349 9
349 12
349 15
349 17
349 45
349 76
349 77
349 90
349 140
349 150
349 274
349 282
349 365
350 2
350 9
350 14
350 28
350 74
350 81
350 120
350 174
350 376
351 2
351 188
352 69
352 86
353 6
353 47
353 69
353 81
353 238
353 259
353 268
353 290
353 346
353 355
353 470
354 351
354 439
355 8
355 9
355 12
355 58
356 24
356 377
357 11
357 12
357 16
357 19
357 58
357 81
357 92
357 100
357 102
357 106
357 122
357 194
357 282
357 288
357 316
357 363
357 391
357 411
357 424
358 28
358 519
359 11
359 12
359 86
359 92
359 94
359 224
359 366
359 391
359 393
359 407
359 433
359 481
360 12
360 62
360 251
361 2
361 11
361 19
361 28
361 91
361 163
361 165
361 188
361 198
361 318
361 354
361 417
361 442
361 476
361 488
362 12
362 17
362 21
362 23
362 35
362 68
362 77
362 84
362 90
362 127
362 155
362 159
362 174
362 185
362 207
362 260
362 302
362 323
362 376
363 430
364 2
365 402
366 12
367 4
367 12
367 24
367 46
367 59
367 73
367 86
367 101
367 102
367 148
367 248
367 290
367 349
368 67
368 90
368 121
368 191
368 265
368 280
369 42
369 56
369 126
369 249
369 312
369 411
369 459
370 9
370 174
370 297
370 372
371 12
371 59
371 90
371 95
371 140
371 167
371 310
371 324
371 376
372 14
372 77
372 101
372 108
372 130
372 207
372 213
372 273
372 275
372 277
372 322
372 386
372 387
372 398
372 411
372 490
373 13
373 17
373 18
373 19
373 40
373 106
373 108
373 127
373 217
373 307
373 319
373 437
373 528
374 121
374 198
374 207
374 265
374 272
374 280
374 333
374 422
375 35
375 81
375 114
376 1
376 7
376 9
376 11
376 12
376 14
376 17
376 18
376 34
376 50
376 54
376 58
376 68
376 81
376 90
376 91
376 92
376 124
376 130
376 134
376 178
376 179
376 180
376 181
376 182
376 183
376 184
376 185
376 187
376 188
376 192
376 197
376 210
376 222
376 240
376 250
376 251
376 307
376 310
376 330
376 332
376 377
376 463
376 527
376 534
377 1
377 9
377 12
377 24
377 48
377 50
377 54
377 90
377 92
377 94
377 124
377 130
377 137
377 178
377 181
377 182
377 183
377 185
377 186
377 187
377 188
377 197
377 210
377 222
377 223
377 312
377 366
377 377
378 50
378 182
378 185
378 250
379 17
379 84
379 92
379 125
379 129
379 166
379 203
379 224
379 242
379 260
379 290
379 333
379 360
379 361
379 378
380 40
380 75
380 77
380 81
380 82
380 90
380 91
380 102
380 114
380 125
380 189
380 251
380 332
380 362
380 363
380 388
380 398
380 407
380 475
380 528
380 529
381 74
381 182
381 193
381 250
381 481
382 58
382 74
382 81
382 115
382 124
382 160
382 193
382 406
383 224
383 360
383 391
383 407
384 108
384 140
385 15
386 12
387 27
387 46
388 9
388 15
388 17
388 23
388 28
388 52
388 66
388 81
388 86
388 90
388 109
388 117
388 125
388 152
388 236
388 273
388 290
388 294
388 305
388 333
388 344
388 363
388 366
388 378
388 385
388 386
388 411
388 473
388 484
388 485
388 486
388 515
389 18
389 35
389 83
389 236
389 256
389 302
389 340
389 361
389 366
389 418
389 464
390 27
391 2
391 3
391 9
391 14
391 75
391 131
391 158
391 184
391 185
391 187
391 188
391 196
391 207
391 229
391 236
391 290
391 292
391 385
391 437
391 532
392 124
392 198
392 205
393 15
393 37
393 235
394 3
394 28
394 139
394 226
394 312
394 341
394 350
395 154
395 177
395 355
396 9
396 15
396 17
396 18
396 19
396 52
396 90
396 106
396 136
396 207
397 7
397 14
397 58
397 106
397 140
397 365
398 23
398 36
398 154
398 192
398 225
398 239
398 270
398 288
398 380
398 382
399 8
399 18
399 19
399 174
400 15
400 19
400 26
400 98
400 125
400 193
400 268
400 290
400 305
400 333
400 344
400 363
400 378
400 384
400 391
400 484
400 485
400 486
400 515
401 8
402 9
402 10
402 18
403 7
403 11
403 15
403 19
403 58
403 59
403 61
403 74
403 100
403 106
403 124
403 130
403 151
403 162
403 170
403 193
403 201
403 217
403 232
403 236
403 273
403 277
403 285
403 316
403 322
403 324
403 334
403 363
403 413
403 450
403 469
403 474
403 491
404 15
404 18
404 31
404 92
404 102
404 242
404 420
404 525
405 525
406 72
406 81
406 83
406 91
406 95
406 112
406 207
406 287
406 318
406 321
407 11
407 74
407 100
407 101
407 151
407 162
407 168
407 172
407 194
407 274
407 294
407 363
407 386
407 414
407 539
407 540
408 58
408 120
408 121
408 207
409 2
409 27
409 86
409 134
409 237
410 109
410 165
410 327
411 36
411 52
411 98
411 317
412 9
412 12
412 33
412 67
412 81
412 127
412 158
412 170
412 349
412 356
412 364
412 398
412 435
412 525
412 530
413 91
414 30
414 58
414 117
414 134
415 7
415 38
415 74
415 198
416 10
417 9
417 37
417 113
418 9
418 11
418 12
418 90
418 103
418 109
418 134
418 185
418 198
418 219
418 252
418 280
418 328
418 337
419 40
419 120
419 150
419 225
419 474
420 6
420 19
420 132
420 191
420 300
420 324
421 6
421 16
421 48
421 55
421 57
421 67
421 80
421 177
421 190
421 249
421 272
421 304
421 315
421 327
421 361
421 368
421 369
421 370
422 17
422 40
422 45
422 86
422 97
422 99
422 105
422 138
422 318
422 322
423 11
423 49
423 367
423 443
423 444
424 184
425 217
426 21
426 185
427 7
427 9
427 121
427 130
427 378
427 389
427 393
427 394
428 97
428 248
428 313
428 358
429 35
429 71
429 395
430 11
430 114
430 281
430 390
430 474
430 525
431 11
431 58
431 71
431 102
431 134
431 135
431 324
431 325
432 2
432 15
432 90
432 102
432 116
432 151
432 200
433 19
433 35
433 85
433 108
433 150
433 207
433 312
433 361
433 366
433 392
433 497
434 7
434 20
434 21
434 36
434 42
434 49
434 56
434 75
434 92
434 135
434 181
435 1
435 18
435 21
435 67
435 207
436 7
436 14
436 15
436 92
436 120
436 122
436 134
436 150
436 210
436 271
436 282
436 347
436 525
436 530
437 12
437 18
437 73
437 92
437 261
437 272
437 366
437 391
437 407
438 14
438 21
439 80
439 106
439 304
439 383
439 518
440 9
440 36
440 42
440 50
440 55
440 56
440 58
440 85
440 95
440 97
440 116
440 122
440 168
440 190
440 192
440 200
440 217
440 231
440 241
440 256
440 264
440 268
440 295
440 314
440 319
440 361
440 377
440 382
440 422
440 456
440 485
440 487
440 489
441 101
442 10
442 47
442 58
442 71
443 7
444 81
444 85
444 130
445 74
445 75
445 193
445 304
446 74
446 81
446 85
446 92
446 121
446 191
446 272
446 290
446 361
446 517
446 523
447 90
447 174
447 244
448 11
449 12
449 13
449 18
449 31
449 32
449 72
449 90
449 182
449 195
449 353
450 71
450 110
451 42
451 70
451 117
451 180
451 287
451 375
451 382
451 496
452 193
453 11
453 17
453 74
453 86
453 97
453 138
453 322
454 1
454 6
454 12
454 15
454 21
454 39
454 74
454 102
454 192
454 193
454 296
454 300
454 314
454 401
454 421
454 466
455 58
456 492
457 473
458 240
459 7
459 62
459 151
459 154
459 192
459 193
459 198
459 225
459 238
459 283
460 11
460 23
460 86
460 121
460 134
460 294
461 7
461 15
461 42
461 62
461 91
461 172
461 193
461 311
462 19
462 42
462 106
462 162
462 177
462 266
462 294
462 316
462 363
462 385
462 391
463 154
463 192
463 225
463 280
463 355
463 413
463 505
464 2
464 12
464 14
464 18
464 34
464 127
464 131
464 190
464 192
464 296
464 300
464 354
464 499
464 500
464 504
464 510
464 512
465 31
465 42
465 48
465 53
465 100
465 153
465 162
465 177
465 184
465 218
465 231
465 244
465 280
465 300
465 312
465 321
465 322
465 374
465 384
465 385
465 386
465 512
466 80
466 251
466 296
467 23
467 78
467 125
467 149
467 190
467 217
467 231
467 310
467 485
468 192
469 16
469 51
469 65
469 84
469 91
469 109
469 116
469 154
469 163
469 232
469 236
469 395
469 430
469 442
469 511
470 49
470 58
471 130
471 281
472 35
472 81
472 106
472 124
472 204
472 272
472 304
472 388
472 406
473 12
474 89
475 9
475 118
475 130
476 15
476 376
476 388
476 450
477 23
477 190
478 67
478 242
479 81
479 457
480 18
481 11
481 16
481 19
481 100
481 105
481 151
481 153
481 194
481 240
481 244
481 277
481 288
481 378
481 402
481 442
481 495
482 10
482 69
482 70
482 99
482 495
483 406
484 14
484 50
484 114
485 9
485 46
485 59
485 95
485 167
486 7
486 12
486 46
486 116
486 169
487 12
487 46
487 134
487 135
487 169
487 325
488 9
488 12
488 18
488 27
488 31
488 58
489 11
490 1
490 7
490 36
490 46
490 134
490 281
490 310
490 440
491 294
491 303
492 10
492 12
492 17
492 18
493 62
494 67
494 71
494 75
494 135
494 205
494 244
494 312
494 523
495 88
496 159
497 9
497 11
497 14
497 15
497 117
497 134
497 136
498 13
498 18
498 32
498 72
498 90
498 353
499 500
500 6
500 12
500 15
500 31
500 48
500 69
500 75
500 92
500 99
500 114
500 251
500 315
500 347
501 42
501 51
501 198
502 21
502 67
502 68
502 90
502 185
502 217
502 280
503 9
503 48
503 58
503 131
503 182
503 207
504 7
504 88
504 97
505 9
505 21
505 37
505 92
505 134
505 154
505 185
505 192
505 207
505 225
505 382
506 443
507 10
507 19
507 34
507 74
507 102
508 407
509 10
509 15
509 58
509 81
509 102
509 251
509 320
510 7
510 11
510 15
510 29
510 58
510 122
510 307
510 320
511 11
511 16
511 19
511 38
511 101
511 304
511 426
512 241
513 17
513 53
513 125
513 280
513 288
513 378
513 422
513 497
514 16
514 18
514 19
514 28
514 31
514 36
514 42
514 48
514 53
514 58
514 66
514 85
514 106
514 116
514 177
514 265
514 271
514 293
514 314
514 344
514 370
514 439
514 532
515 110
516 9
516 36
516 50
516 103
516 337
516 362
517 217
518 40
518 64
518 406
518 435
519 7
519 14
519 19
519 59
519 67
519 84
519 106
519 120
519 130
519 201
519 205
519 207
519 236
519 242
519 244
519 280
519 323
519 464
520 20
520 23
520 134
521 12
522 13
523 6
523 17
523 84
523 166
523 421
524 264
525 11
525 42
525 73
525 81
525 92
525 386
525 390
526 3
526 9
526 36
526 54
526 66
526 74
526 85
527 310
527 336
527 487
528 9
528 12
528 14
528 17
528 58
528 103
528 238
529 21
529 58
529 90
529 91
530 9
530 37
530 74
531 37
532 9
532 131
532 227
533 1
533 6
533 7
533 12
533 13
533 18
533 20
533 21
533 23
533 36
533 40
533 42
533 49
533 50
533 74
533 92
533 109
533 132
533 150
533 185
533 193
533 207
533 219
533 260
533 422
534 2
534 105
534 150
534 219
535 2
535 4
535 9
535 188
535 236
535 293
535 361
535 378
535 437
535 443
535 524
535 532
536 14
536 15
536 19
536 89
536 90
536 91
536 93
536 130
536 201
536 260
536 290
536 300
536 312
536 354
536 361
536 366
536 418
536 422
536 433
536 442
536 464
536 473
536 497
537 23
537 48
537 250
537 254
537 285
537 293
537 325
537 427
537 446
537 474
537 493
538 12
538 49
538 51
538 81
538 87
538 88
538 92
538 106
538 107
538 134
538 136
538 158
538 170
538 189
538 192
538 235
538 272
538 274
538 282
538 289
538 302
538 303
538 333
538 371
538 387
538 395
538 546
539 9
539 18
539 48
539 58
539 95
539 136
539 264
539 351
539 361
540 242
541 175
542 68
542 74
542 81
542 85
542 86
542 97
542 118
542 138
542 314
542 373
542 461
543 85
544 132
544 207
544 395
544 464
545 63
545 124
545 200
545 238
545 452
545 488
546 198
547 103
547 251
548 2
548 3
548 28
548 74
548 100
548 103
548 198
549 163
550 90
551 134
552 20
552 34
552 137
553 14
553 19
553 43
553 53
553 72
553 106
553 237
553 280
553 296
553 366
553 374
554 281
555 11
555 12
555 15
555 17
555 59
555 69
555 74
555 75
555 81
555 86
555 116
555 133
555 166
555 184
555 193
555 200
555 207
555 236
555 290
555 294
555 323
555 356
555 394
555 468
555 476
555 519
556 238
556 360
557 36
558 2
558 11
558 19
558 90
558 151
559 15
559 17
559 38
559 75
559 130
560 17
560 29
560 56
560 74
560 109
560 130
560 169
560 177
560 198
561 11
561 12
561 19
561 33
561 81
561 355
561 386
561 406
561 492
562 7
562 19
562 39
562 62
562 90
562 120
562 175
562 207
562 237
562 317
562 354
563 150
563 298
564 30
564 43
564 103
564 153
564 225
564 236
564 237
564 241
564 300
564 337
564 354
564 367
564 378
564 394
564 399
564 464
564 478
564 496
564 528
564 536
565 2
565 9
565 12
565 14
565 16
565 17
565 19
565 46
565 74
565 109
565 120
565 121
565 136
565 191
565 193
565 201
565 202
565 207
565 217
565 405
565 430
566 11
566 12
566 17
566 81
566 152
566 171
566 184
566 248
566 361
566 378
566 407
566 527
567 9
567 11
567 12
567 42
567 58
567 81
567 103
567 151
567 198
567 337
568 12
568 19
568 23
568 47
568 54
568 55
568 57
568 61
568 68
568 77
568 82
568 86
568 90
568 112
568 124
568 130
568 131
568 178
568 181
568 182
568 184
568 186
568 187
568 188
568 195
568 208
568 219
568 222
568 223
568 231
568 240
568 248
568 288
568 290
568 307
568 310
568 351
568 366
568 371
568 372
568 376
568 384
569 9
569 11
569 13
569 31
569 32
569 40
569 50
569 74
569 92
569 100
569 120
569 127
569 152
569 162
569 195
569 196
569 207
569 229
569 231
569 258
569 259
569 290
569 302
569 311
569 317
569 339
569 361
569 366
569 374
569 392
569 442
569 461
569 474
569 498
570 23
570 36
570 42
570 50
570 51
570 55
570 56
570 80
570 95
570 116
570 168
570 190
570 236
570 250
570 256
570 264
570 295
570 319
570 361
570 370
570 378
570 422
570 456
571 10
571 25
571 43
571 64
571 102
571 124
571 136
571 137
571 153
571 184
571 226
571 227
571 231
571 296
571 312
571 341
571 350
571 384
571 426
571 487
572 18
572 21
572 36
572 90
572 91
572 122
572 155
572 207
572 217
572 318
573 416
574 6
574 9
574 21
574 46
574 48
574 58
574 118
574 230
575 127
575 434
575 443
576 209
576 213
577 175
577 378
578 12
578 200
578 211
579 92
579 100
579 107
579 149
579 162
579 166
579 210
579 236
579 242
579 250
579 251
580 84
580 443
581 9
581 23
581 28
581 36
581 50
581 54
581 68
581 74
581 85
581 97
581 121
581 135
581 190
581 203
581 217
581 231
581 241
581 250
581 256
581 264
581 268
581 295
581 325
581 373
581 422
581 456
581 487
582 100
582 154
582 192
582 194
582 238
582 428
583 15
583 201
584 64
584 259
585 455
586 72
586 499
587 290
588 11
588 124
588 365
588 386
588 390
588 474
589 7
590 26
590 54
590 56
590 57
590 239
591 63
591 84
591 124
591 294
591 432
591 488
592 75
592 89
592 90
592 102
592 114
592 190
592 198
592 261
592 278
592 294
592 319
592 442
592 451
592 523
593 35
593 195
593 235
593 265
593 399
593 422
594 264
595 4
595 15
595 19
595 36
595 98
595 106
595 109
595 120
595 241
595 263
595 290
595 304
595 315
595 316
595 387
596 48
596 51
596 66
596 78
596 90
596 93
596 116
596 121
596 124
596 125
596 168
596 178
596 191
596 205
596 236
596 260
596 265
596 333
596 340
596 344
596 351
596 361
596 375
596 410
596 422
596 442
596 474
596 497
596 524
597 9
597 264
597 411
598 103
598 337
599 15
599 19
599 109
599 151
599 162
599 196
599 229
599 251
599 314
599 316
599 334
599 344
599 426
599 442
599 476
600 11
600 12
600 17
600 108
600 130
600 140
600 198
600 269
601 6
601 19
601 38
601 53
601 84
601 106
601 109
602 48
602 57
602 151
602 180
602 268
602 316
602 324
602 334
602 336
602 390
602 476
602 487
602 525
602 530
603 12
603 13
603 48
603 52
603 57
603 69
603 74
603 81
603 97
603 125
603 151
603 287
603 355
603 399
603 423
604 122
604 261
604 294
605 16
605 41
605 43
605 53
605 65
605 71
605 81
605 109
605 236
605 244
605 313
605 360
605 402
606 11
606 19
606 31
606 100
606 136
606 149
606 151
606 198
606 402
606 414
606 442
606 476
607 9
607 11
607 19
607 38
607 86
607 100
607 108
607 116
607 121
607 126
607 130
607 140
607 151
607 162
607 168
607 172
607 184
607 195
607 207
607 232
607 236
607 261
607 262
607 266
607 274
607 275
607 277
607 294
607 299
607 316
607 322
607 361
607 372
607 378
607 386
607 401
607 414
607 433
607 437
607 440
607 442
607 474
607 476
607 482
607 487
607 497
607 523
608 158
609 7
609 12
609 32
609 74
609 75
609 111
609 172
609 193
609 198
609 487
610 42
610 182
610 191
610 237
610 239
610 247
610 257
610 260
610 300
610 312
610 344
610 378
610 394
610 399
610 512
611 58
611 74
611 96
611 106
611 133
611 151
611 193
611 287
611 301
611 344
611 347
611 356
611 370
612 458
613 335
614 242
615 9
615 14
615 19
615 69
615 74
615 106
615 193
615 236
616 9
616 18
616 81
616 90
616 100
616 116
616 121
616 127
616 128
616 131
616 171
616 192
616 236
616 273
616 290
616 297
616 302
616 310
616 325
616 361
616 372
616 481
617 12
617 17
617 90
617 93
617 99
617 102
617 219
617 288
617 364
618 9
618 19
618 21
618 61
618 74
618 103
618 116
618 131
618 185
618 193
618 198
618 201
618 206
618 207
618 237
618 252
618 291
618 323
618 337
618 362
619 11
619 100
619 151
619 153
619 190
619 198
619 442
620 36
620 42
620 51
620 114
620 122
620 174
620 217
620 250
620 252
621 19
621 106
621 238
621 338
621 355
621 363
621 539
621 540
622 11
622 15
622 57
622 74
622 85
622 97
622 122
622 162
622 170
622 195
622 198
622 239
622 262
622 278
622 290
623 1
623 11
623 12
623 50
623 159
623 203
623 226
623 230
623 260
623 311
623 384
623 415
624 15
624 19
624 58
624 74
624 85
624 97
624 120
624 136
624 151
624 154
624 162
624 184
624 190
624 229
624 236
624 238
624 290
624 316
624 319
624 346
624 361
624 363
624 373
624 452
624 474
624 476
624 488
625 9
625 11
625 12
625 14
625 16
625 72
625 78
625 81
625 86
625 90
625 94
625 102
625 121
625 127
625 184
625 186
625 217
625 236
625 237
625 251
625 272
625 273
625 290
625 297
625 332
625 361
625 372
625 425
626 30
627 9
627 11
627 58
627 74
627 100
627 151
627 163
627 198
627 274
627 294
627 337
628 40
628 47
628 55
628 66
628 67
628 72
628 120
628 169
628 197
628 256
628 293
628 353
628 380
628 422
628 442
628 482
629 11
629 15
629 19
629 35
629 96
629 100
629 106
629 109
629 124
629 151
629 177
629 194
629 316
629 344
629 424
629 426
629 460
629 476
630 7
630 18
630 36
630 42
630 90
630 95
630 120
630 127
630 130
630 167
630 184
630 185
630 346
630 377
630 478
630 479
630 480
631 18
631 21
631 77
631 86
631 104
631 117
631 127
631 256
631 293
631 311
631 445
631 531
632 9
632 75
632 251
632 297
632 409
633 9
633 40
633 72
633 93
633 94
633 106
633 207
633 290
633 297
633 353
633 366
633 372
634 67
634 74
634 153
634 193
634 290
634 314
635 9
635 97
635 132
635 207
636 13
636 34
636 67
636 136
636 159
636 425
636 442
636 496
637 18
637 174
637 180
637 236
637 242
638 453
639 260
640 19
640 74
640 193
640 287
640 450
640 461
641 230
642 326
643 9
643 130
643 206
643 273
643 312
643 325
643 329
644 91
645 74
645 359
646 149
646 198
646 218
646 251
647 9
647 74
647 174
647 193
647 272
647 387
648 101
648 194
648 321
649 16
649 18
649 42
649 45
649 54
649 56
649 61
649 78
649 80
649 93
649 121
649 130
649 168
649 217
649 231
649 236
649 257
649 260
649 288
649 300
649 307
649 344
649 351
649 361
649 375
649 384
649 410
649 442
649 474
649 497
650 45
650 57
650 61
650 67
650 78
650 81
650 90
650 93
650 121
650 130
650 165
650 168
650 217
650 236
650 238
650 288
650 300
650 307
650 330
650 344
650 351
650 361
650 364
650 375
650 410
650 474
650 497
650 524
651 11
651 357
652 130
652 131
652 191
652 195
652 328
652 329
653 487
654 36
655 392
656 46
656 48
656 71
656 73
656 74
656 93
656 100
656 102
656 138
656 177
656 187
656 193
656 207
656 288
656 315
656 357
656 360
656 361
656 368
656 445
656 474
656 491
656 497
656 544
657 51
657 57
657 82
657 86
657 87
657 106
657 207
657 238
657 252
657 290
657 302
657 322
657 345
657 387
657 443
657 508
658 228
658 481
659 16
659 48
659 53
659 114
659 130
659 189
659 249
659 251
659 290
659 305
659 323
659 333
659 347
659 355
659 368
659 369
659 378
659 395
659 401
659 404
659 405
659 409
659 450
660 2
660 3
660 7
660 9
660 32
660 34
660 35
660 37
660 39
660 52
660 65
660 67
660 73
660 88
660 227
660 248
660 297
660 383
661 352
662 7
662 12
662 81
662 127
662 206
662 376
663 15
663 17
663 75
663 136
663 150
663 207
663 357
664 69
665 80
665 272
666 312
666 388
666 485
666 524
667 251
668 74
669 23
669 74
669 193
669 297
669 311
670 58
670 64
670 75
670 81
670 237
670 251
670 290
670 406
670 511
671 74
671 81
671 102
671 149
671 158
671 193
671 236
671 238
671 290
671 372
672 94
672 290
672 346
672 378
673 30
673 57
673 82
673 90
673 91
673 132
673 149
673 251
673 330
673 340
673 352
673 394
674 185
674 377
674 474
675 192
675 500
676 75
676 85
676 339
676 355
676 368
676 369
676 404
676 405
676 450
677 90
677 121
677 132
677 185
677 198
677 207
677 352
678 7
678 47
678 80
678 81
678 130
678 171
678 200
678 270
678 273
678 313
678 329
678 362
678 378
678 482
679 7
679 92
679 106
679 338
679 436
680 128
680 192
680 297
681 9
681 297
682 17
682 42
682 55
682 56
682 126
682 151
682 406
682 464
683 28
683 81
684 290
685 24
685 297
685 335
686 443
687 18
687 23
687 31
687 86
687 90
687 116
687 122
687 164
687 184
687 195
687 221
687 228
687 252
687 300
687 336
687 366
687 368
687 374
687 442
687 445
687 474
687 512
688 257
688 394
689 50
689 132
689 397
690 14
690 236
691 194
691 368
692 64
692 81
692 114
693 45
693 61
693 81
693 130
693 168
693 217
693 282
693 300
693 307
693 351
693 361
693 384
693 410
693 474
694 7
694 67
694 84
694 175
694 185
694 244
694 492
695 237
695 264
695 365
696 114
696 238
696 442
697 97
698 333
698 420
698 463
699 252
699 290
699 317
700 11
700 19
700 66
700 81
700 100
700 149
700 195
700 200
700 235
700 251
700 285
700 293
700 344
700 392
700 422
700 425
700 488
700 497
700 509
700 543
701 122
701 133
701 293
701 415
702 13
702 21
702 23
702 35
702 36
702 42
702 48
702 50
702 57
702 67
702 74
702 86
702 95
702 118
702 120
702 126
702 150
702 184
702 185
702 193
702 214
702 250
702 323
702 346
702 370
702 415
702 425
702 445
702 463
702 487
703 9
703 19
703 27
703 28
703 42
703 53
703 54
703 56
703 61
703 66
703 68
703 91
703 106
703 113
703 126
703 184
703 185
703 205
703 217
703 236
703 239
703 244
703 250
703 256
703 257
703 272
703 280
703 287
703 288
703 346
703 361
703 370
703 371
703 376
703 377
703 385
703 419
703 429
703 434
703 464
703 484
703 490
703 511
703 512
703 519
704 80
704 131
704 162
704 217
704 273
704 344
704 418
704 482
705 13
705 23
705 26
705 36
705 42
705 48
705 90
705 124
705 126
705 194
705 208
705 251
705 423
705 424
705 425
706 35
706 48
706 67
706 70
706 180
706 415
707 36
707 193
707 290
708 9
708 12
708 18
708 21
708 40
708 90
708 92
708 130
709 97
710 3
710 15
710 290
710 435
710 525
711 264
711 290
712 264
713 118
714 7
714 20
715 324
715 396
716 12
716 15
716 81
716 88
716 151
716 179
716 191
716 251
716 445
716 457
717 9
717 15
717 31
717 58
717 64
717 75
717 90
717 120
717 121
717 131
717 185
717 191
717 195
717 198
717 236
717 265
717 280
717 301
717 334
717 512
717 536
718 19
718 25
718 34
718 47
718 81
718 88
718 106
718 109
718 192
718 200
718 272
718 282
718 314
718 431
718 439
718 474
719 12
719 92
719 164
719 212
719 244
719 325
719 359
719 499
719 541
719 542
720 529
721 18
721 92
721 99
721 118
721 159
721 174
721 280
721 290
721 307
721 354
721 397
721 413
721 487
722 122
723 7
723 29
723 31
723 34
723 40
723 80
723 88
723 90
723 95
723 106
723 130
723 154
723 167
723 173
723 217
723 236
723 237
723 244
723 334
723 474
723 490
724 36
724 40
724 42
724 51
724 56
724 116
724 121
724 163
724 168
724 184
724 236
724 252
724 334
724 346
724 437
725 193
726 7
726 15
726 58
726 90
726 100
726 116
726 177
726 198
726 201
726 207
726 252
726 290
726 316
726 334
726 426
726 434
727 9
727 12
727 14
727 18
727 297
727 326
727 372
727 473
727 525
728 74
728 321
728 435
729 9
729 17
729 29
729 47
729 58
729 81
729 140
729 150
729 158
729 190
729 238
729 264
729 476
730 69
730 122
730 394
731 1
731 7
731 230
731 302
732 353
733 492
734 395
735 7
735 21
735 74
736 40
736 120
736 149
736 493
737 84
737 138
737 201
737 321
737 346
737 358
737 480
738 297
739 9
739 12
739 121
739 134
739 150
739 185
739 193
740 58
740 75
741 38
741 42
741 56
741 58
741 78
741 91
741 94
741 100
741 104
741 151
741 163
741 172
741 240
741 243
741 363
741 382
741 411
741 442
741 476
741 497
742 150
743 7
743 14
743 32
743 38
743 75
743 90
743 91
743 101
743 116
743 120
743 136
743 172
743 205
743 207
743 217
743 247
743 251
743 270
743 280
743 300
743 307
743 354
743 385
743 388
743 452
743 532
744 19
744 81
744 98
744 106
744 193
744 244
744 290
744 357
744 363
744 366
744 391
744 515
745 317
746 90
746 290
747 12
747 35
747 71
747 93
747 201
747 312
747 513
747 529
748 7
748 21
748 67
748 80
748 120
748 189
748 207
749 37
749 113
750 9
750 74
750 97
750 174
750 387
750 399
750 466
751 2
751 12
751 31
751 32
751 34
751 130
751 156
751 205
751 207
751 225
751 241
751 312
751 357
751 365
751 420
751 455
751 504
751 510
752 13
752 31
752 50
752 53
752 64
752 120
752 150
752 207
752 244
752 321
752 332
752 422
752 452
752 496
753 305
754 352
755 366
755 377
755 479
755 491
756 103
756 120
756 182
756 496
757 12
757 19
757 34
757 59
757 102
757 106
757 251
757 261
757 262
757 282
758 120
759 120
760 35
760 89
760 90
760 121
760 191
760 272
760 312
760 513
760 525
760 529
761 16
761 35
761 158
761 194
761 201
761 261
761 360
761 378
762 16
762 18
762 58
762 92
762 100
762 177
762 194
762 236
762 386
762 424
762 479
762 492
763 1
763 7
763 12
763 17
763 30
763 57
763 81
763 99
763 130
763 169
763 194
763 228
763 311
763 360
763 481
764 81
765 74
765 75
765 344
765 437
765 450
765 463
765 496
765 533
766 9
766 14
766 58
766 91
766 158
766 162
766 237
766 294
766 414
766 476
766 527
767 21
767 127
767 193
768 513
769 130
769 225
770 75
770 304
771 250
772 435
773 12
773 41
773 58
773 328
774 10
774 121
775 18
775 85
776 11
776 31
776 40
776 66
776 72
776 73
776 92
776 130
776 154
776 194
776 236
776 238
776 294
776 300
776 307
776 394
776 418
777 193
778 5
778 7
778 11
778 16
778 42
778 56
778 127
778 168
778 177
778 198
778 207
778 247
778 251
778 290
778 312
778 340
778 351
778 361
778 391
778 422
778 442
778 474
778 494
779 12
779 48
779 61
779 406
780 57
780 66
780 303
780 531
781 11
781 86
781 114
781 163
781 194
781 294
781 400
781 442
782 12
782 72
782 130
782 134
782 150
782 174
782 185
782 194
782 302
782 392
782 422
782 463
783 5
783 24
784 13
784 41
784 46
784 102
784 115
784 119
784 280
784 386
784 406
784 422
784 482
784 488
784 519
784 525
785 74
786 9
786 12
786 71
786 90
786 116
786 130
786 184
786 206
786 227
786 312
786 316
786 354
786 418
787 443
788 302
789 15
789 19
789 100
789 108
789 136
789 154
789 238
789 410
790 12
791 99
791 153
791 200
791 424
792 228
793 382
794 236
794 481
795 9
795 31
795 195
795 227
795 251
796 14
796 32
796 79
796 85
796 227
796 420
797 25
797 36
797 153
797 184
797 262
797 290
797 302
797 322
797 366
797 385
797 386
797 406
797 474
798 128
798 406
799 189
799 233
799 354
799 386
800 264
801 11
801 32
801 81
801 86
801 116
801 127
801 130
801 158
801 168
801 207
801 227
801 294
801 334
801 442
801 474
802 16
802 51
802 72
802 91
802 198
802 204
802 250
802 312
802 344
802 353
802 442
802 482
802 496
802 512
803 23
803 56
803 249
803 268
804 11
804 67
805 193
806 153
807 251
808 14
808 58
808 237
808 307
808 427
809 9
809 17
809 34
809 40
809 41
809 46
809 50
809 81
809 90
809 91
809 100
809 102
809 116
809 127
809 130
809 154
809 168
809 184
809 195
809 198
809 201
809 204
809 207
809 228
809 236
809 238
809 252
809 260
809 261
809 280
809 288
809 290
809 294
809 304
809 307
809 332
809 346
809 351
809 366
809 394
809 395
809 402
809 410
809 418
809 433
809 442
809 450
809 464
809 488
809 496
809 497
809 511
809 551
810 13
810 80
810 114
811 193
811 488
812 38
812 40
812 101
812 155
812 321
812 494
812 548
813 58
814 435
815 193
816 4
816 80
816 98
816 165
816 185
816 240
816 280
816 453
817 35
818 12
818 81
818 121
818 131
818 220
818 294
818 407
818 430
818 497
818 500
819 40
819 159
820 9
820 13
820 50
820 71
820 121
820 149
820 182
820 195
820 344
820 392
821 3
822 13
822 322
823 134
824 251
824 407
825 17
825 228
825 307
826 58
827 58
828 52
828 111
828 339
829 106
829 108
829 304
830 88
830 90
830 376
830 497
831 23
831 40
831 99
831 268
832 40
832 42
832 120
833 130
833 234
833 251
834 12
834 26
835 38
835 42
835 46
835 101
835 109
835 172
835 192
835 198
835 240
835 243
835 249
835 280
835 463
835 488
835 522
836 128
837 132
838 450
839 136
839 365
840 19
840 23
840 39
840 48
840 53
840 86
840 106
840 140
840 172
840 217
840 236
840 249
840 268
840 280
840 282
840 355
840 398
840 413
840 459
840 474
841 36
841 54
841 90
841 207
841 280
841 290
841 361
842 35
842 85
842 97
842 302
843 153
844 7
844 67
844 109
844 120
844 140
844 158
844 195
844 207
844 229
844 260
844 300
844 307
844 410
844 496
845 272
846 10
846 12
846 14
846 121
846 207
846 288
846 384
846 415
847 250
848 175
848 264
848 317
849 9
849 12
849 14
849 59
849 86
849 90
849 102
849 103
849 116
849 121
849 207
849 236
849 237
849 252
849 364
849 499
849 525
849 541
849 542
850 9
850 11
850 42
850 55
850 58
850 74
850 85
850 126
850 136
850 195
850 227
850 236
850 307
850 332
850 422
850 456
851 10
852 16
852 108
852 116
852 162
852 280
853 1
853 9
853 12
853 31
853 67
853 74
853 102
853 116
853 138
853 149
853 288
853 324
853 364
854 227
855 7
855 40
855 159
855 201
855 280
855 406
855 532
856 35
856 433
857 9
858 261
859 89
860 18
860 239
860 290
860 344
861 151
861 355
862 228
862 270
863 525
864 198
864 207
864 321
865 64
865 90
865 163
865 189
865 274
865 321
865 435
865 501
865 546
866 21
866 49
866 59
866 75
866 83
866 106
866 238
866 240
866 259
866 290
866 302
866 366
866 378
866 387
866 407
866 442
866 464
867 38
867 81
867 83
867 161
867 235
868 38
868 101
868 108
868 116
868 140
868 261
868 274
868 366
868 386
869 45
869 159
870 151
870 163
870 332
871 12
871 46
871 59
871 102
871 274
871 288
871 301
871 442
871 531
872 17
872 106
872 153
873 207
874 25
875 9
876 58
877 19
877 81
877 121
877 207
878 25
879 251
880 75
880 207
880 302
880 442
881 159
881 540
882 9
883 494
883 550
884 93
884 524
885 21
885 179
885 297
886 7
886 205
886 547
887 48
887 124
887 323
888 541
889 133
889 207
890 360
890 407
891 268
892 7
892 16
892 134
892 321
892 385
892 487
893 321
893 344
893 406
894 190
895 47
895 155
895 406
896 58
897 356
898 51
